a=[4 5;
    6 7];
a=a([1;2] ,[1 2])